⁙ Навес шкафа STRONG| левый=>-X;5;13;0;-20;-34;1;0;;&-X;5;13;0;-52;-34;1;0;;&
⁙ Навес шкафа STRONG| правый=>-X;5;13;0;-20;-34;1;0;;&-X;5;13;0;-52;-34;1;0;;&
Подвеска мебельная Scarpi на саморезах| левая=>-X;5;13;0;-20;10;1;0;;&-X;5;13;0;-52;10;1;0;;&
Подвеска мебельная Scarpi на саморезах| правая=>-X;5;13;0;-20;10;1;0;;&-X;5;13;0;-52;10;1;0;;&
Навес шкафа SAH 216| левый=>-X;10;13;0;-1;56;1;0;;&-X;10;13;0;-1;88;1;0;;&-X;10;13;0;-1;120;1;0;;&
Навес шкафа SAH 216| правый=>-X;10;13;0;-1;56;1;0;;&-X;10;13;0;-1;88;1;0;;&-X;10;13;0;-1;120;1;0;;&
Aventos HF Blum=>-X;5;13;0;0;0;1;0;;&-X;5;13;0;192;0;1;0;;&
Aventos HK Top=>-X;5;13;2;0;28;1;0;;&-X;5;13;2;32;28;1;0;;&-X;5;13;2;96;28;1;0;;&-X;5;13;2;128;28;1;0;;&-Y;5;2;14.5;-37;30;4;32;;&
Aventos HK-XS=>-X;5;2;0;0;18;2;32;;&-Y;5;2;15.5;-37;29.5;2;32;;&
Aventos HK-S=>-X;5;2;2;0;6;1;0;;&-X;5;2;2;64;6;1;0;;&-Y;5;2;14.5;-37;-2;2;32;;&
Aventos HK=>-X;5;2;2;0;-16;1;0;;&-X;5;2;2;128;-16;1;0;;&-Y;5;2;14.5;-37;21;4;32;;&
Gas-lift=>-X;5;2;0;25;-6;1;0;;&-Y;5;2;14.5;-25;125;2;32;;&
